[
[540, 157, 125, 122, 90, 147, 279, 60, 41, 56, 727], 
[157, 315, 109, 179, 115, 164, 270, 63, 64, 129, 870], 
[125, 109, 364, 64, 105, 297, 297, 37, 17, 41, 745], 
[122, 179, 64, 685, 151, 65, 109, 80, 32, 57, 536], 
[90, 115, 105, 151, 392, 100, 181, 41, 31, 104, 690], 
[147, 164, 297, 65, 100, 101, 44, 21, 30, 25, 678], 
[279, 270, 297, 109, 181, 44, 278, 78, 19, 28, 871], 
[60, 63, 37, 80, 41, 21, 78, 1019, 185, 176, 848], 
[41, 64, 17, 32, 31, 30, 19, 185, 295, 57, 614], 
[56, 129, 41, 57, 104, 25, 28, 176, 57, 285, 632], 
[727, 870, 745, 536, 690, 678, 871, 848, 614, 632, 11508]
];
